CD4.	CD8.	mono	Bcells	NK	Gran
sample_2_1	0.128594787932	0.124672766154	0.0903533903106	0.0342286458932	0.00369454519765	0.618455864512
sample_2_2	0.136593783424	0.0948617731571	0.0545348163515	0.0206119937291	0.0428981063141	0.650499527024
sample_2_3	0.0603823329506	0.195366767926	0.0882297121409	0.0284740417649	0.0542533143657	0.573293830852
sample_2_4	0.0553960015318	0.0418116991042	0.0709637905028	0.0258093385561	0.0388637394989	0.767155430806
sample_2_5	0.0622176397484	0.148904186077	0.0849958126204	0.025801628279	0.0697815805778	0.608299152698
sample_2_6	0.103128243985	0.0955966554464	0.0424172849282	0.0293940539385	0.167949181861	0.56151457984
sample_2_7	0.189575483851	0.0554193294519	0.111922828008	0.0268400398462	0.0124475700202	0.603794748822
sample_2_8	0.100527255291	0.0522234295654	0.0777280221721	0.0240818121491	0.0107173435648	0.734722137258
sample_2_9	0.0906901459331	0.127443356164	0.0373177144501	0.0739352307813	0.0101368044022	0.66047674827
sample_2_10	0.130722760548	0.16557261623	0.0820460136004	0.00167863814969	0.0273629905653	0.592616980907
sample_2_11	0.0667484045894	0.185518504601	0.109639860837	0.0434942742737	0.178473746415	0.416125209284
sample_2_12	0.0834657222827	0.0313212201693	0.117761899584	0.0157414373456	0.0295260301109	0.722183690507
sample_2_13	0.084659146221	0.14428461099	0.11607473672	0.0491840879145	0.0569480924675	0.548849325686
sample_2_14	0.258030299232	0.126481406924	0.0885791875661	0.053489589506	0.0462947806639	0.427124736108
sample_2_15	0.161770162512	0.129939901097	0.0844490611446	0.0468354048693	0.106606699298	0.47039877108
sample_2_16	0.068516820597	0.105782654088	0.0800391853261	0.0517300951679	0.0482729649291	0.645658279892
sample_2_17	0.107427799477	0.0520863821493	0.0808813206391	0.0446637350155	0.0732970327106	0.641643730008
sample_2_18	0.224020701499	0.159896294257	0.0574066961713	0.080210755262	0.00157811140404	0.476887441406
sample_2_19	0.0356632626759	0.117748544281	0.0769853891557	0.0258196231125	0.0688864646682	0.674896716107
sample_2_20	0.020992678735	0.0240832379231	0.0410191826722	0.0203744917147	0.00729495772091	0.886235451234
sample_2_21	0.0381528983345	0.165794180036	0.116481450229	0.0172892758427	0.0466368571474	0.61564533841
sample_2_22	0.149045433382	0.159830945306	0.0842208652017	0.0256891837138	0.00463405882718	0.576579513568
sample_2_23	0.147612077316	0.169692175442	0.0751154686211	0.0262772774663	2.8295135603e-18	0.581303001154
sample_2_24	0.0453729350538	0.254105850815	0.0648063651041	0.0273897810076	0	0.60832506802
sample_2_25	0.0546014374373	0.239047256737	0.107289999682	0.0769913796811	0.0656151821183	0.456454744345
sample_2_26	0.0570253799519	0.0705579253205	0.128158310507	0.00533450654679	0.0290858712493	0.709838006424
sample_2_27	0.0217839783527	0.143711782182	0.0733772449135	0.043405174558	0	0.717721819994
sample_2_28	0.113280476074	0.120082108152	0.0792521509877	0.0385146612541	0	0.648870603533
sample_2_29	0.107214778702	0.119358591936	0.0820011116868	0.0591122278937	0.0858953682614	0.54641792152
sample_2_30	0.0767192996815	0.0163113828722	0.0830409165015	0.0336702392526	0.311225596555	0.479032565137
sample_2_31	0.0945448821487	0.109324194579	0.0970600672589	0.0230289516374	0.0289674776223	0.647074426754
sample_2_32	0.0880198403423	0.127000842182	0.0877456653828	0.0491519930759	0.171210745544	0.476870913473
sample_2_33	0.177608600865	0.136093858025	0.0726160176588	0.0763551251495	0.0180955687495	0.519230829553
sample_2_34	0.0312312352671	0.0630838540528	0.0876824394659	0.0312964013141	3.01050020278e-05	0.786675964898
sample_2_35	0.230226928999	0.168003511912	0.0508600725307	0.0298472636695	0.0430684543374	0.477993768552
sample_2_36	0.0829245589417	0.139979808443	0.0566250109402	0.0179185572546	0.0892882867578	0.613263777663
sample_2_37	0.156626620524	0.139730372634	0.0694934726624	0.0585170063905	0.130828997514	0.444803530275
sample_2_38	0.247491242272	0.173223189763	0.0153773422945	0.0885384364261	0.0234517975158	0.451917991729
sample_2_39	0.101369737712	0.191480173064	0.0457303881723	0.0485412272926	0.0722454174454	0.540633056314
sample_2_40	0.164628463655	0.110664642984	0.0912987230852	0.0264911326324	0.0227419635175	0.584175074125
sample_2_41	0.0948302408922	0.104624300841	0.146376887956	0.0347019041041	0	0.619466666207
sample_2_42	0.0892053247947	0.115614810517	0.0770091724931	0.0306128061717	0.0537044966624	0.633853389362
sample_2_43	0.0947149280619	0.141798280088	0.0434801168672	0.0374281383208	0.0410097938916	0.641568742771
sample_2_44	0.0504302031532	0.0677750478412	0.117518886513	0.00814890469767	0.0464715489457	0.709655408849
sample_2_45	0.0547825405075	0.0987962632226	0.0681266498351	0.0348829730351	0.0788583178561	0.664553255544
sample_2_46	0.138888776687	0.152002306687	0.0771255154063	0.0558206347834	0.0440048867312	0.532157879706
sample_2_47	0.0993383700542	0.0353927165353	0.0255791024206	0.0225331414913	0.109314949244	0.707841720254
sample_2_48	0.0367578314607	0.260320706608	0.0414816287859	0.112251409277	0.0400443570363	0.509144066831
sample_2_49	0.270794105754	0.0723923573276	0.0800657163813	0.0256854324266	0.0437840673102	0.5072783208
sample_2_50	0.146171171931	0.0079565314966	0.0576863214755	0.051292229837	0.0677280153124	0.669165729948
sample_2_51	0.186623872178	0.161975975356	0.0901769634481	0.0954169591188	1.62223750058e-17	0.465806229899
sample_2_52	0.109382035741	0.177591752019	0.0773933483641	0.0665798223306	3.39084229445e-17	0.569053041545
sample_2_53	0.174000828698	0.151379726153	0.0385786853948	0.0262717521376	4.93237873098e-18	0.609769007616
sample_2_54	0.0393477696649	0.155743872773	0.146637137996	0.0144234128192	0.0574980096989	0.586349797048
sample_2_55	0.0600285603017	0.104916345645	0.0782083133619	0.0392561495185	0.0129282865411	0.704662344632
sample_2_56	0.0981123310982	0.125622220453	0.0813589581346	0.0593446330404	0.0317573054284	0.603804551845
sample_2_57	0.141579434411	0.1350403308	0.0715442796418	0.022561714453	0.0258018798715	0.603472360822
sample_2_58	0.163238149063	0.205496797343	0.065983524316	0.10936000284	0.114368545434	0.341552981005
sample_2_59	0.19910924232	0.15353505336	0.0717997331031	0.0264001460139	0.0925650830727	0.45659074213
sample_2_60	0.14168191676	0.220064402863	0.0585560622778	0.030525737115	0.0503318121074	0.498840068876
sample_2_61	0.0347610421796	0.214326894738	0.0814101311903	0.0570911201881	0.0629944641303	0.549416347573
sample_2_62	0.0328387062932	0.120553061751	0.0931305140807	0.0141535801759	0.0177493225089	0.72157481519
sample_2_63	0.0686723417404	0.122592754763	0.100352246884	0.0332879348871	0.0634844359242	0.611610285801
sample_2_64	0.0312289444375	0.136122611761	0.0908091536996	0.0291204943594	1.24683249836e-18	0.712718795743
sample_2_65	0.0665558025553	0.0439000599283	0.0939650295806	0.0287142561365	0.0929025823243	0.673962269475
sample_2_66	1.06160037178e-16	0.0392571533716	0.0563238232826	0.00532550598907	0.0104826152661	0.888610902091
sample_2_67	0.0220732113577	0.076326876476	0.110497731862	0.043837432193	0.0700830777659	0.677181670346
sample_2_68	0.010555742388	0.0745037672972	0.0590305951726	0.0405874340279	0.0281310700715	0.787191391043
sample_2_69	0.0796531287008	0.155654654249	0.0806878387724	0.0369294203214	0.0035980194778	0.643476938479
sample_2_70	0.101271807823	0.0655754990108	0.0924743694667	0.133514339759	0.0894734130545	0.517690570885
sample_2_71	0.0876406522047	0.237229219574	0.0654625824832	0.0390389147969	0.0534078871228	0.517220743818
sample_2_72	0.104018611221	0.0556916121551	0.0731871078495	0.0158478010935	0.0294336482202	0.72182121946
sample_2_73	0.0396256562781	0.0926020770086	0.0933319424108	0.0242990549993	0	0.750141269303
sample_2_74	0.15266950792	0.132188934353	0.0912741119917	0.0390177156978	0.0246160500333	0.560233680004
sample_2_75	0.102175131195	0.0914717536019	0.0721700061759	0.0150716116144	0.0866842314963	0.632427265917
sample_2_76	0.0730641472327	0.123736070009	0.0723965761503	0.0851154403455	0.0656984192897	0.579989346973
sample_2_77	0.168420457475	0.0414048692728	0.0515985336165	0.0365277400624	0.11336487099	0.588683528583
sample_2_78	0.0313200520305	0.0817315138385	0.074289610003	0.0215222614327	1.98205709658e-19	0.791136562695
sample_2_79	0.142162711803	0.173354484814	0.0958338282096	0.0338112153723	0.0655832293283	0.489254530473
sample_2_80	0.0964289208552	0.142554380776	0.0777681920061	0.075573108348	0.11147991788	0.496195480135
sample_2_81	0.128380022743	0.0696950627873	0.0949039363592	0.063186999724	0.0304854285374	0.613348549849
sample_2_82	0.015659480048	0.251764604781	0.0844959506377	0.0168299343716	0.048715087294	0.582534942867
sample_2_83	0.0324648609432	0.118319088484	0.0794552951667	0.0309453336809	0	0.738815421725
sample_2_84	0.087041377084	0.193409504854	0.0849463469479	0.0624527392484	0.0550586843861	0.517091347479
sample_2_85	0.121681838472	0.137437764654	0.0733138321543	0.0237825414259	0.0310429101987	0.612741113095
sample_2_86	0.104504493471	0.0912611475588	0.0859510235121	0.0103808047157	0.052897738479	0.655004792263
sample_2_87	0.00126801047522	0.124002470376	0.0782027559949	0.0361611795813	0.0710946140921	0.68927096948
sample_2_88	0.0653156893529	0.155633828325	0.112475230536	0.0204872941578	0.0626976534063	0.583390304222
sample_2_89	0.153837295709	0.15581372653	0.0818106873284	0.0340609758286	0.0930273803336	0.48144993427
sample_2_90	0.0466419868432	0.0915109512087	0.165972768506	0.041442623589	0.0588580997074	0.595573570145
sample_2_91	0.17835254667	0.102504190922	0.0740805362884	0.0829107374455	0.16573746173	0.396414526944
sample_2_92	0.110566979024	0.127137340389	0.0688392205492	0.0275325343617	0.0966019935995	0.569321932077
sample_2_93	0.0913637702868	0.184356347888	0.0725710804583	0.0475211412777	0.0819926338655	0.522195026224
sample_2_94	0.17259709612	0.15832521644	0.0449669329862	0.0775904960818	0.0986855427805	0.447834715591
sample_2_95	0.0853515899607	0.138563677735	0.0574841222783	0.0316939962047	0.0243549269751	0.662551686846
sample_2_96	0.246091681693	0.170428760104	0.0668403116461	0.0911229403601	0	0.425516306198
sample_2_97	0.166164820587	0.0574397486773	0.0676954524102	0.02274089365	0.0270475740729	0.658911510602
sample_2_98	0.108483446035	0.0786513042069	0.117669015355	0.00306323052956	0.142598519781	0.549534484092
sample_2_99	0.123365710405	0.233454682798	0.0602183287681	0.127876781385	0.136255745355	0.31882875129
sample_2_100	0.0456493316838	0.0828766760746	0.0363887360611	0.216189423592	0.0835837598969	0.535312072691
sample_2_101	0.168891972712	0.0924974315934	0.0897306799764	0.0460782916911	0.0338737811502	0.568927842877
sample_2_102	0.0513357092935	0.329420658829	0.218262281465	0.0350132462242	0.051547245182	0.314420859007
sample_2_103	0.137681379771	0.190946378957	0.0260194698483	0.0555238426059	0.0373240529786	0.552504875839
sample_2_104	0.0147867128662	0.0913395274849	0.06151544005	0.0184945182966	0	0.813863801302
sample_2_105	0.183733535679	0.17592390623	0.0399699997313	0.0850351647172	0	0.515337393643
sample_2_106	2.07413458057e-16	0.0327720617793	0.0913176058618	0.0235655958241	0.0458030908206	0.806541645714
sample_2_107	0.236064248883	0.0709106106103	0.0390803811832	0.0265243298996	0.0501965002577	0.577223929166
sample_2_108	0.0737051412335	0.0615624215783	0.0571588434684	0.0479417654138	0.0228472130493	0.736784615257
sample_2_109	0.175193116389	0.119864451096	0.0822191894526	0.056921961607	6.64073830647e-18	0.565801281455
sample_2_110	1.47570736057e-16	0	0.135301440706	0.0100618358522	0.0320322259488	0.822604497493
sample_2_111	0	0.0918734857275	0.0510245109049	0.0208241299629	0.0205195559158	0.815758317489
sample_2_112	0.153718194944	0.0250299237957	0.0568413925771	0.0748710684581	0.128813965074	0.560725455151
sample_2_113	0.218006856218	0.14906792605	0.0522326273759	0.0681422688781	0.0787297520269	0.433820569451
sample_2_114	0.0817857274813	0.054171504428	0.0857931902704	0.0212535645767	0.0023393185717	0.754656694672
sample_2_115	0.0148252121546	0.08892349701	0.0636734110295	0.0162645613753	0.0415411009093	0.774772217521
sample_2_116	0.161555589304	0.136879008831	0.048396804078	0.0211714999893	0.0798912957808	0.552105802017
sample_2_117	0.11810780047	0.0959866539712	0.0796175880373	0.0684506578687	0	0.637837299653
sample_2_118	0.0710555155964	0.14653100729	0.0821264870233	0.0221725536707	5.69206140555e-19	0.67811443642
sample_2_119	0.114559045919	0.147468216042	0.074593925327	0.0278895323947	0.0548155749913	0.580673705326
sample_2_120	0.101046403464	0.0497661028982	0.0984898350876	0.0878541599179	0.0435056782547	0.619337820377
sample_2_121	0.150058384763	0.158722070111	0.102452161495	0.0345897695298	0.0639148438052	0.490262770296
sample_2_122	0.0399274733075	0.254023292167	0.0528422074358	0.0610005071446	0.0441174646519	0.548089055293
sample_2_123	0.217337260325	0.0438416670758	0.082383710752	0.015409489588	0.047494627663	0.593533244597
sample_2_124	0.145724773059	0.246434276192	0.0534446023348	0.0971253875507	4.32897363518e-18	0.457270960863
sample_2_125	0.0380601364411	0.123418108107	0.0965519805419	0.0321227274767	0.0183759664869	0.691471080946
sample_2_126	0.193708819275	0.162426877959	0.0413758954918	0.0481150511866	0.0513768016047	0.502996554482
sample_2_127	0.18237930013	0.110324652553	0.0608164400044	0.0457075345514	0.13958574094	0.461186331821
sample_2_128	0.0925209720628	0.144325496529	0.0608608183286	0.0392769351672	0.0451774472894	0.617838330623
sample_2_129	0.0810914077865	0.053797467817	0.0564630290588	0.020438196274	0.0889316818773	0.699278217186
sample_2_130	0.0349010391038	0.0920272169897	0.0806561717315	0.0203110909003	0.0389154650338	0.733189016241
sample_2_131	0.0880936683517	0.0942625650766	0.0818045351135	0.0271801635795	0.0875939701474	0.621065097731
sample_2_132	0.0955783093419	0.106411712721	0.0931456892148	0.05815132736	0.0425765898495	0.604136371513
sample_2_133	0.069992217779	0.12407515627	0.0862832856036	0.046439352158	0	0.673209988189
sample_2_134	0.0558291216359	0.0484049493079	0.0795605827042	0.0289953926172	0.000516627826478	0.786693325908
sample_2_135	0.0748991015323	0.0573324170774	0.0972092282752	0.0268609065367	0.00390509918787	0.73979324739
sample_2_136	0	0.0128688519876	0.0909398595126	0.0225426562703	0.0422766909472	0.831371941282
sample_2_137	0.0309826947673	0.0801142080183	0.119161794872	0.0295088075287	0.0240821113942	0.71615038342
sample_2_138	0.0742001944829	0.140112238568	0.0543099327141	0.0589858504578	0.0137440706636	0.658647713114
sample_2_139	0.196978495943	0.175329260201	0.0700128272549	0.0877713969181	0.0967270379089	0.373180981775
sample_2_140	0.0674896449989	0.113612823128	0.0657788399937	0.0518976249625	0.118454543127	0.58276652379
sample_2_141	0.196703350614	0.0721984924868	0.11050116362	0.0471206639462	0.12676303905	0.446713290282
sample_2_142	0.208149459962	0.130552208637	0.0945280802182	0.048877235516	0.0529154498796	0.464977565787
sample_2_143	0.18295813813	0.0443813950863	0.0653904852519	0.0859830412455	0.00476748626695	0.61651945402
sample_2_144	0.137617895775	0.100228328467	0.0742502777681	0.0398343262336	0.0890367172977	0.559032454458
sample_2_145	0.116119617225	0.116925558303	0.0627907122149	0.0513541199728	0.0456410575653	0.607168934719
sample_2_146	0.0213396124576	0.164157447131	0.0811060799161	0.0210283490225	0.079040183762	0.633328327711
sample_2_147	0.153602996277	0.113498301957	0.0760078745754	0.0220387175252	0.0231982527883	0.611653856877
sample_2_148	0.0801304413511	0.0792734492902	0.080926340355	0.0113471624953	0.000180908721004	0.748141697787
sample_2_149	0.159959747056	0.163434602394	0.113257329451	0.113542971149	0.0239993639831	0.425805985967
sample_2_150	0.0673510511376	0.154625462135	0.103009502778	0.0688582967165	0.037418089667	0.568737597566
sample_2_151	0.0907883454419	0.09628324439	0.0847494038741	0.076724778425	0.0986743746082	0.552779853261
sample_2_152	0.101741249942	0.0566030491085	0.104638182712	0.0129192534887	0.0603448355004	0.663753429248
sample_2_153	0.0400010717873	0.11973594999	0.121734962884	0.0540206416309	0.0417020793388	0.62280529437
sample_2_154	0.0243236534553	0.244110946342	0.0774381987239	0.0357688083256	0.0258689514191	0.592489441735
sample_2_155	0.0815151267918	0.12922675585	0.0842552674476	0.0979889998771	0.0167535514701	0.590260298563
sample_2_156	0.0909247738828	0.127649529497	0.0782232588832	0.0697406114823	3.7947076037e-19	0.633461826255
sample_2_157	0.0792064615977	0.164836353041	0.134718286587	0.036045444386	0.108405833155	0.476787621234
sample_2_158	0.0293099752256	0.0792825092766	0.114670959449	0.00627038745241	0	0.770466168597
sample_2_159	0.120635158759	0.194862648736	0.0525746839859	0.0730491542013	0.13428873156	0.424589622758
sample_2_160	0.160063599884	0.098618059962	0.0936975656986	0.0548709894276	0.07723629904	0.515513485987
sample_2_161	0.140037420271	0.144880393235	0.104082828803	0.0165868971915	3.38813178902e-19	0.594412460499
sample_2_162	0.0657375480557	0.152493925807	0.0773298539574	0.0800014422121	0.0764807103672	0.5479565196
sample_2_163	0.107215668115	0.0944074679404	0.0640637695137	0.058340075793	0.0392705049673	0.63670251367
sample_2_164	0.159614833089	0.0569906844035	0.0451818575459	0.0708344548965	0.0779050505974	0.589473119467
sample_2_165	0.24857420045	0.186608943504	0.0782555724016	0.0276139335053	0.0103014378688	0.448645912271
sample_2_166	0.0560636832821	0.285304385944	0.183858351448	0.080987186774	0.0283209315787	0.365465460974
sample_2_167	0.0709910833012	0.0460022531595	0.074459234942	0.00462613130455	0.0615850339991	0.742336263294
sample_2_168	0.0819939483246	0.144895401392	0.0739965002145	0.0502046941091	0	0.648909455959
sample_2_169	0.0668717167402	0.119530675304	0.105551649064	0.0299870352119	0.129058078019	0.549000845661
sample_2_170	0.182564859935	0.174870376961	0.0897959162257	0.0369176653989	0.0368137165803	0.479037464899
sample_2_171	0.137606229466	0.0184355596042	0.0546861367283	0.0183781011091	0.0220316475665	0.748862325526
sample_2_172	0.117136806097	0.153924235522	0.104307578094	0.050545651846	0.0510437423005	0.52304198614
sample_2_173	0.0911369205539	0.0725423043789	0.0476288128263	0.0474181999763	0.094434447114	0.646839315151
sample_2_174	0.0232253180551	0.0754857363515	0.0357732953363	0.0446472193032	0.106680289853	0.714188141101
sample_2_175	0.102493329842	0.162500907583	0.143428358275	0.0865274831372	0	0.505049921163
sample_2_176	0.0574050676925	0.0494946896892	0.0613065199656	0.0218649531529	0.0548496926823	0.755079076818
sample_2_177	0.154096682691	0.0949657642589	0.107872382747	0.0546332867469	0.0516969523548	0.536734931201
sample_2_178	0.111750950426	0.0498885270002	0.114746832195	0.0367942301105	0.0273081727535	0.659511287515
sample_2_179	0.132272685084	0.131976924975	0.0990159942115	0.0413460346001	0.0763783079995	0.51901005313
sample_2_180	0.125337475185	0.0949652395973	0.0918136818055	0.0484333635255	0.112212068145	0.527238171741
sample_2_181	0.114381420547	0.134305204732	0.0934861011044	0.0479701753889	0.0492936691996	0.560563429028
sample_2_182	0.15477827857	0.126383130631	0.119458114974	0.0718212977329	0.0755008332428	0.452058344849
sample_2_183	0.030057635412	0.0513957438393	0.0870151435493	0.0500000543906	2.71050543121e-19	0.781531422809
sample_2_184	0.163301169709	0.0901217390922	0.0875752527026	0.111465445061	0.0992762138917	0.448260179543
sample_2_185	0.146614923863	0.0671681408549	0.0279422905095	0.0689687125664	0.0936422584001	0.595663673806
sample_2_186	0.142050447442	0.153265890447	0.0721958108772	0.159275397639	0.101701366278	0.371511087316
sample_2_187	0.120149619535	0.158434410639	0.0689571457264	0.0368027419668	0.0216117946993	0.594044287434
sample_2_188	0.0567815407069	0.0960197170396	0.101127051023	0.0211340799707	0.0268006139325	0.698136997327
sample_2_189	0.12381029654	0.209527190316	0.083523978776	0.0366792058542	0.0472197902	0.499239538314
sample_2_190	0.126666028322	0.113581720813	0.0529686615018	0.046727672357	0.100630973591	0.559424943415
